 [[0.5728999  0.02462182 0.04457676 0.04328935 0.00466688 0.02365626
  0.08255552 0.02108143 0.00643708 0.01593177 0.00933376 0.02124236
  0.03669134 0.00965562 0.0226907  0.06066946]
 [0.22792937 0.19695024 0.07479936 0.04285714 0.00369181 0.03868379
  0.10866774 0.00626003 0.00738363 0.0258427  0.00321027 0.05939005
  0.04622793 0.02841091 0.0529695  0.07672552]
 [0.19820398 0.02245029 0.21744708 0.0609365  0.00481078 0.03463759
  0.12940988 0.00449006 0.00561257 0.04153303 0.00384862 0.06205901
  0.0574086  0.02854394 0.04265555 0.08595253]
 [0.21842949 0.01762821 0.07580128 0.19455128 0.00721154 0.0411859
  0.12564103 0.00849359 0.00785256 0.03958333 0.00592949 0.06057692
  0.06041667 0.03589744 0.04647436 0.05432692]
 [0.23118883 0.01123055 0.0736403  0.05101877 0.22605487 0.02839724
  0.10636932 0.00545484 0.00369004 0.04219477 0.00336916 0.05053746
  0.03770255 0.02230066 0.03240815 0.07444248]
 [0.24152883 0.02922756 0.07901076 0.06519994 0.00289064 0.18628553
  0.12188855 0.00642364 0.00722659 0.01814678 0.00642364 0.05251325
  0.05187088 0.02585515 0.04014774 0.06536053]
 [0.1705314  0.02447665 0.0747182  0.06119163 0.00305958 0.03719807
  0.31900161 0.00644122 0.00402576 0.01449275 0.00289855 0.0747182
  0.06119163 0.02415459 0.0531401  0.06876006]
 [0.26066047 0.02132094 0.07037512 0.04761141 0.00512985 0.03446618
  0.10355883 0.19028535 0.00352677 0.01667201 0.00464893 0.06268035
  0.0535428  0.02933633 0.03959602 0.05658865]
 [0.25110733 0.01396934 0.08160136 0.05366269 0.00528109 0.04991482
  0.1165247  0.00511073 0.17393526 0.02827939 0.00494037 0.05468484
  0.04701874 0.02112436 0.04241908 0.05042589]
 [0.22023233 0.02226525 0.1005163  0.06098742 0.00387222 0.03452727
  0.12052275 0.00661504 0.00484027 0.17618587 0.00306551 0.06727977
  0.03743143 0.02710552 0.02952565 0.08502743]
 [0.07738197 0.01943071 0.05215613 0.02710073 0.00085222 0.01585137
  0.10618715 0.00136356 0.00119311 0.02096472 0.5338333  0.03817965
  0.02624851 0.00460201 0.02829385 0.046361  ]
 [0.16891026 0.02612179 0.11137821 0.07516026 0.00544872 0.04583333
  0.15208333 0.00448718 0.00625    0.02147436 0.00160256 0.19775641
  0.04679487 0.03028846 0.05032051 0.05608974]
 [0.16810897 0.02708333 0.07708333 0.04230769 0.00352564 0.04262821
  0.12836538 0.00785256 0.00528846 0.03141026 0.00544872 0.0474359
  0.21554487 0.04839744 0.05641026 0.09310897]
 [0.21612955 0.02805836 0.07824274 0.05258939 0.00529101 0.03623537
  0.11864679 0.00673401 0.00721501 0.04521405 0.00609267 0.04617605
  0.0646144  0.16786917 0.05996473 0.06092673]
 [0.19429708 0.02470159 0.08222812 0.04774536 0.003813   0.03100133
  0.12599469 0.0066313  0.00447613 0.01641247 0.00364721 0.05769231
  0.04127984 0.03100133 0.24038462 0.08869363]
 [0.23651586 0.0239897  0.0895186  0.04250523 0.00450813 0.03670906
  0.12606666 0.0067622  0.00402512 0.02640477 0.00450813 0.06955402
  0.04636934 0.02737079 0.034616   0.2205764 ]]