最终训练结果为： [[6.78645917e-01 1.76480026e-02 2.72741858e-02 2.06962939e-02
  1.10701107e-02 1.29953473e-02 8.19829937e-02 1.54018931e-02
  8.02181935e-04 3.03224771e-02 2.24610942e-03 9.78661961e-03
  2.82368041e-02 3.69003690e-02 1.26744746e-02 1.33162201e-02]
 [1.55523489e-02 5.92432259e-01 3.54337021e-02 1.50713484e-02
  1.26663460e-02 1.13836781e-02 9.90860991e-02 2.06830207e-02
  4.81000481e-04 5.57960558e-02 6.41333975e-04 1.97210197e-02
  2.90203624e-02 5.03447170e-02 2.46913580e-02 1.69953503e-02]
 [1.76282051e-02 1.57051282e-02 5.50000000e-01 2.86858974e-02
  2.00320513e-02 2.14743590e-02 1.07852564e-01 1.60256410e-02
  6.41025641e-04 5.91346154e-02 3.20512821e-04 2.62820513e-02
  3.39743590e-02 6.50641026e-02 1.65064103e-02 2.06730769e-02]
 [1.48990708e-02 1.74623518e-02 3.54053188e-02 5.89875040e-01
  1.90644024e-02 1.89041974e-02 9.11566806e-02 1.15347645e-02
  8.01025312e-04 5.52707466e-02 3.20410125e-04 2.01858379e-02
  2.70746556e-02 5.87952579e-02 2.30695290e-02 1.61807113e-02]
 [1.20305641e-02 1.80458462e-02 4.51959031e-02 2.34108275e-02
  5.81206308e-01 1.82084214e-02 9.12046822e-02 1.07299626e-02
  8.12875955e-04 4.60087791e-02 3.25150382e-04 2.04844741e-02
  3.30027638e-02 5.88522192e-02 2.58494554e-02 1.46317672e-02]
 [1.27091377e-02 1.41570142e-02 4.11840412e-02 2.83140283e-02
  1.35135135e-02 5.94111969e-01 9.94208494e-02 1.22265122e-02
  4.82625483e-04 4.16666667e-02 4.82625483e-04 2.44530245e-02
  3.60360360e-02 5.08365508e-02 1.86615187e-02 1.17438867e-02]
 [1.71501843e-02 1.97146979e-02 4.15130630e-02 3.34989582e-02
  2.21189293e-02 2.08366725e-02 5.90639526e-01 2.05161084e-02
  4.80846289e-04 4.51995512e-02 3.20564193e-04 3.51017791e-02
  3.46209328e-02 6.61965059e-02 3.15755730e-02 2.05161084e-02]
 [2.07893455e-02 1.90027611e-02 3.94672730e-02 1.93275946e-02
  1.16940068e-02 1.83530940e-02 8.68929674e-02 6.02078935e-01
  8.12083807e-04 5.03491960e-02 6.49667046e-04 1.47799253e-02
  2.95598506e-02 4.87250284e-02 2.19262628e-02 1.55920091e-02]
 [1.61465893e-02 1.81422351e-02 3.10232221e-02 2.37663280e-02
  1.52394775e-02 2.14078374e-02 8.25471698e-02 1.79608128e-02
  5.94883890e-01 4.51741655e-02 9.07111756e-04 2.10449927e-02
  2.68505080e-02 4.68069666e-02 2.41291727e-02 1.39695210e-02]
 [1.66613265e-02 1.45786607e-02 4.40563922e-02 2.83562961e-02
  2.46715796e-02 2.32297341e-02 1.03652675e-01 1.69817366e-02
  4.80615187e-04 5.77218840e-01 8.01025312e-04 2.37103492e-02
  2.83562961e-02 6.24799744e-02 2.01858379e-02 1.45786607e-02]
 [1.33204943e-02 1.68512277e-02 2.98507463e-02 2.29497673e-02
  7.38244263e-03 1.29995185e-02 9.93419997e-02 1.34809822e-02
  0.00000000e+00 4.41341679e-02 6.34890066e-01 1.38019580e-02
  1.99004975e-02 4.44551436e-02 1.55673247e-02 1.10736639e-02]
 [1.39871383e-02 1.28617363e-02 5.14469453e-02 2.29903537e-02
  1.84887460e-02 1.10932476e-02 1.22186495e-01 1.62379421e-02
  1.60771704e-04 4.90353698e-02 0.00000000e+00 5.52893891e-01
  2.82958199e-02 6.27009646e-02 2.71704180e-02 1.04501608e-02]
 [1.48966843e-02 1.76197341e-02 4.53307705e-02 2.30658337e-02
  8.48950825e-03 1.55374019e-02 1.05398046e-01 1.60179401e-02
  6.40717604e-04 3.70014416e-02 3.20358802e-04 2.53083453e-02
  5.91061989e-01 5.63831491e-02 2.97933686e-02 1.31347109e-02]
 [1.45903479e-02 1.55523489e-02 4.47330447e-02 2.91806958e-02
  2.24466891e-02 2.05226872e-02 1.03254770e-01 1.71556838e-02
  6.41333975e-04 5.17877185e-02 8.01667468e-04 2.77376944e-02
  3.44717011e-02 5.71107904e-01 3.17460317e-02 1.42696809e-02]
-03 9.91909385e-02 1.19741100e-02
  4.85436893e-04 5.85760518e-02 3.23624595e-04 2.15210356e-02
  2.70226537e-02 5.92233010e-02 1.31067961e-02 5.90291262e-01]]